0,0,0.282095
1,-1,0.488603
1,0,0.488603
1,1,0.488603
2,-2,0.182091
2,-1,0.364183
2,0,0.630783
2,1,0.364183
2,2,0.182091
3,-3,0.0393362
3,-2,0.0963537
3,-1,0.304697
3,0,0.746353
3,1,0.304697
3,2,0.0963537
3,3,0.0393362
4,-4,0.00596034
4,-3,0.0168584
4,-2,0.0630783
4,-1,0.267619
4,0,0.846284
4,1,0.267619
4,2,0.0630783
4,3,0.0168584
4,4,0.00596034
5,-5,0.000694584
5,-4,0.00219647
5,-3,0.00931882
5,-2,0.0456527
5,-1,0.241572
5,0,0.935603
5,1,0.241572
5,2,0.0456527
5,3,0.00931882
5,4,0.00219647
5,5,0.000694584
6,-6,6.57224e-05
6,-5,0.000227669
6,-4,0.00106786
6,-3,0.00584892
6,-2,0.0350935
6,-1,0.221951
6,0,1.01711
6,1,0.221951
6,2,0.0350935
6,3,0.00584892
6,4,0.00106786
6,5,0.000227669
6,6,6.57224e-05
7,-7,5.23301e-06
7,-6,1.95801e-05
7,-5,9.98395e-05
7,-4,0.000599037
7,-3,0.00397356
7,-2,0.0280973
7,-1,0.206472
7,0,1.09255
7,1,0.206472
7,2,0.0280973
7,3,0.00397356
7,4,0.000599037
7,5,9.98395e-05
7,6,1.95801e-05
7,7,5.23301e-06
8,-8,3.59604e-07
8,-7,1.43842e-06
8,-6,7.87853e-06
8,-5,5.10587e-05
8,-4,0.00036819
8,-3,0.00285199
8,-2,0.0231696
8,-1,0.193851
8,0,1.16311
8,1,0.193851
8,2,0.0231696
8,3,0.00285199
8,4,0.00036819
8,5,5.10587e-05
8,6,7.87853e-06
8,7,1.43842e-06
8,8,3.59604e-07
9,-9,2.17328e-08
9,-8,9.22046e-08
9,-7,5.37641e-07
9,-6,3.72488e-06
9,-5,2.88528e-05
9,-4,0.0002414
9,-3,0.00213199
9,-2,0.01954
9,-1,0.183301
9,0,1.22962
9,1,0.183301
9,2,0.01954
9,3,0.00213199
9,4,0.0002414
9,5,2.88528e-05
9,6,3.72488e-06
9,7,5.37641e-07
9,8,9.22046e-08
9,9,2.17328e-08
10,-10,1.17208e-09
10,-9,5.2417e-09
10,-8,3.2312e-08
10,-7,2.37444e-07
10,-6,1.95801e-06
10,-5,1.7513e-05
10,-4,0.000166143
10,-3,0.00164473
10,-2,0.016773
10,-1,0.17431
10,0,1.29272
10,1,0.17431
10,2,0.016773
10,3,0.00164473
10,4,0.000166143
10,5,1.7513e-05
10,6,1.95801e-06
10,7,2.37444e-07
10,8,3.2312e-08
10,9,5.2417e-09
10,10,1.17208e-09
11,-11,5.70677e-11
11,-10,2.67671e-10
11,-9,1.73471e-09
11,-8,1.3437e-08
11,-7,1.17141e-07
11,-6,1.1113e-06
11,-5,1.12236e-05
11,-4,0.000118779
11,-3,0.00130116
11,-2,0.0146055
11,-1,0.166528
11,0,1.35288
11,1,0.166528
11,2,0.0146055
11,3,0.00130116
11,4,0.000118779
11,5,1.12236e-05
11,6,1.1113e-06
11,7,1.17141e-07
11,8,1.3437e-08
11,9,1.73471e-09
11,10,2.67671e-10
11,11,5.70677e-11
12,-12,2.53237e-12
12,-11,1.2406e-11
12,-10,8.41418e-11
12,-9,6.83571e-10
12,-8,6.26503e-09
12,-7,6.26503e-08
12,-6,6.68923e-07
12,-5,7.50864e-06
12,-4,8.7565e-05
12,-3,0.00105078
12,-2,0.0128694
12,-1,0.159705
12,0,1.41047
12,1,0.159705
12,2,0.0128694
12,3,0.00105078
12,4,8.7565e-05
12,5,7.50864e-06
12,6,6.68923e-07
12,7,6.26503e-08
12,8,6.26503e-09
12,9,6.83571e-10
12,10,8.41418e-11
12,11,1.2406e-11
12,12,2.53237e-12
13,-13,1.03224e-13
13,-12,5.26343e-13
13,-11,3.72181e-12
13,-10,3.15806e-11
13,-9,3.0291e-10
13,-8,3.17695e-09
13,-7,3.56612e-08
13,-6,4.21949e-07
13,-5,5.20214e-06
13,-4,6.62124e-05
13,-3,0.000863304
13,-2,0.011453
13,-1,0.153658
13,0,1.46581
13,1,0.153658
13,2,0.011453
13,3,0.000863304
13,4,6.62124e-05
13,5,5.20214e-06
13,6,4.21949e-07
13,7,3.56612e-08
13,8,3.17695e-09
13,9,3.0291e-10
13,10,3.15806e-11
13,11,3.72181e-12
13,12,5.26343e-13
13,13,1.03224e-13
14,-14,3.8908e-15
14,-13,2.05882e-14
14,-12,1.51292e-13
14,-11,1.33617e-12
14,-10,1.33617e-11
14,-9,1.4637e-10
14,-8,1.71946e-09
14,-7,2.13379e-08
14,-6,2.76571e-07
14,-5,3.71059e-06
14,-4,5.1147e-05
14,-3,0.000719702
14,-2,0.0102794
14,-1,0.148252
14,0,1.51913
14,1,0.148252
14,2,0.0102794
14,3,0.000719702
14,4,5.1147e-05
14,5,3.71059e-06
14,6,2.76571e-07
14,7,2.13379e-08
14,8,1.71946e-09
14,9,1.4637e-10
14,10,1.33617e-11
14,11,1.33617e-12
14,12,1.51292e-13
14,13,2.05882e-14
14,14,3.8908e-15
15,-15,1.36383e-16
15,-14,7.47002e-16
15,-13,5.68899e-15
15,-12,5.21405e-14
15,-11,5.4186e-13
15,-10,6.17815e-12
15,-9,7.56666e-11
15,-8,9.80751e-10
15,-7,1.33036e-08
15,-6,1.87198e-07
15,-5,2.71275e-06
15,-4,4.02366e-05
15,-3,0.00060756
15,-2,0.00929387
15,-1,0.143379
15,0,1.57064
15,1,0.143379
15,2,0.00929387
15,3,0.00060756
15,4,4.02366e-05
15,5,2.71275e-06
15,6,1.87198e-07
15,7,1.33036e-08
15,8,9.80751e-10
15,9,7.56666e-11
15,10,6.17815e-12
15,11,5.4186e-13
15,12,5.21405e-14
15,13,5.68899e-15
15,14,7.47002e-16
15,15,1.36383e-16
16,-16,4.46767e-18
16,-15,2.5273e-17
16,-14,1.99e-16
16,-13,1.88788e-15
16,-12,2.0333e-14
16,-11,2.40584e-13
16,-10,3.06213e-12
16,-9,4.13104e-11
16,-8,5.84217e-10
16,-7,8.58621e-09
16,-6,1.30216e-07
16,-5,2.02569e-06
16,-4,3.21568e-05
16,-3,0.000518513
16,-2,0.0084567
16,-1,0.138958
16,0,1.62051
16,1,0.138958
16,2,0.0084567
16,3,0.000518513
16,4,3.21568e-05
16,5,2.02569e-06
16,6,1.30216e-07
16,7,8.58621e-09
16,8,5.84217e-10
16,9,4.13104e-11
16,10,3.06213e-12
16,11,2.40584e-13
16,12,2.0333e-14
16,13,1.88788e-15
16,14,1.99e-16
16,15,2.5273e-17
16,16,4.46767e-18
17,-17,1.3736e-19
17,-16,8.00942e-19
17,-15,6.50689e-18
17,-14,6.37542e-17
17,-13,7.09937e-16
17,-12,8.69491e-15
17,-11,1.14694e-13
17,-10,1.60571e-12
17,-9,2.35991e-11
17,-8,3.60996e-10
17,-7,5.70785e-09
17,-6,9.27416e-08
17,-5,1.54074e-06
17,-4,2.60563e-05
17,-3,0.000446772
17,-2,0.00773832
17,-1,0.134922
17,0,1.6689
17,1,0.134922
17,2,0.00773832
17,3,0.000446772
17,4,2.60563e-05
17,5,1.54074e-06
17,6,9.27416e-08
17,7,5.70785e-09
17,8,3.60996e-10
17,9,2.35991e-11
17,10,1.60571e-12
17,11,1.14694e-13
17,12,8.69491e-15
17,13,7.09937e-16
17,14,6.37542e-17
17,15,6.50689e-18
17,16,8.00942e-19
17,17,1.3736e-19
18,-18,3.97872e-21
18,-17,2.38723e-20
18,-16,1.9973e-19
18,-15,2.01718e-18
18,-14,2.31756e-17
18,-13,2.93151e-16
18,-12,3.99804e-15
18,-11,5.79371e-14
18,-10,8.82472e-13
18,-9,1.40088e-11
18,-8,2.30188e-10
18,-7,3.89283e-09
18,-6,6.74259e-08
18,-5,1.19098e-06
18,-4,2.13713e-05
18,-3,0.00038823
18,-2,0.00711637
18,-1,0.131219
18,0,1.71592
18,1,0.131219
18,2,0.00711637
18,3,0.00038823
18,4,2.13713e-05
18,5,1.19098e-06
18,6,6.74259e-08
18,7,3.89283e-09
18,8,2.30188e-10
18,9,1.40088e-11
18,10,8.82472e-13
18,11,5.79371e-14
18,12,3.99804e-15
18,13,2.93151e-16
18,14,2.31756e-17
18,15,2.01718e-18
18,16,1.9973e-19
18,17,2.38723e-20
18,18,3.97872e-21
19,-19,1.08939e-22
19,-18,6.71543e-22
19,-17,5.77683e-21
19,-16,6.00346e-20
19,-15,7.10339e-19
19,-14,9.26169e-18
19,-13,1.30324e-16
19,-12,1.9505e-15
19,-11,3.07166e-14
19,-10,5.04725e-13
19,-9,8.59515e-12
19,-8,1.50844e-10
19,-7,2.7152e-09
19,-6,4.99183e-08
19,-5,9.33886e-07
19,-4,1.77192e-05
19,-3,0.000339914
19,-2,0.00657362
19,-1,0.127806
19,0,1.76168
19,1,0.127806
19,2,0.00657362
19,3,0.000339914
19,4,1.77192e-05
19,5,9.33886e-07
19,6,4.99183e-08
19,7,2.7152e-09
19,8,1.50844e-10
19,9,8.59515e-12
19,10,5.04725e-13
19,11,3.07166e-14
19,12,1.9505e-15
19,13,1.30324e-16
19,14,9.26169e-18
19,15,7.10339e-19
19,16,6.00346e-20
19,17,5.77683e-21
19,18,6.71543e-22
19,19,1.08939e-22
20,-20,2.828e-24
20,-19,1.78858e-23
20,-18,1.57964e-22
20,-17,1.68659e-21
20,-16,2.05182e-20
20,-15,2.75281e-19
20,-14,3.9892e-18
20,-13,6.15424e-17
20,-12,9.99946e-16
20,-11,1.69696e-14
20,-10,2.98781e-13
20,-9,5.42763e-12
20,-8,1.01251e-10
20,-7,1.93175e-09
20,-6,3.75575e-08
20,-5,7.41701e-07
20,-4,1.4834e-05
20,-3,0.000299633
20,-2,0.00609662
20,-1,0.124646
20,0,1.80629
20,1,0.124646
20,2,0.00609662
20,3,0.000299633
20,4,1.4834e-05
20,5,7.41701e-07
20,6,3.75575e-08
20,7,1.93175e-09
20,8,1.01251e-10
20,9,5.42763e-12
20,10,2.98781e-13
20,11,1.69696e-14
20,12,9.99946e-16
20,13,6.15424e-17
20,14,3.9892e-18
20,15,2.75281e-19
20,16,2.05182e-20
20,17,1.68659e-21
20,18,1.57964e-22
20,19,1.78858e-23
20,20,2.828e-24
21,-21,6.97919e-26
21,-20,4.52303e-25
21,-19,4.09578e-24
21,-18,4.4867e-23
21,-17,5.60389e-22
21,-16,7.72443e-21
21,-15,1.15091e-19
21,-14,1.82702e-18
21,-13,3.05719e-17
21,-12,5.3479e-16
21,-11,9.71494e-15
21,-10,1.82268e-13
21,-9,3.51546e-12
21,-8,6.94249e-11
21,-7,1.39887e-09
21,-6,2.86684e-08
21,-5,5.9586e-07
21,-4,1.25272e-05
21,-3,0.000265743
21,-2,0.00567472
21,-1,0.121709
21,0,1.84982
21,1,0.121709
21,2,0.00567472
21,3,0.000265743
21,4,1.25272e-05
21,5,5.9586e-07
21,6,2.86684e-08
21,7,1.39887e-09
21,8,6.94249e-11
21,9,3.51546e-12
21,10,1.82268e-13
21,11,9.71494e-15
21,12,5.3479e-16
21,13,3.05719e-17
21,14,1.82702e-18
21,15,1.15091e-19
21,16,7.72443e-21
21,17,5.60389e-22
21,18,4.4867e-23
21,19,4.09578e-24
21,20,4.52303e-25
21,21,6.97919e-26
22,-22,1.64141e-27
22,-21,1.08879e-26
22,-20,1.0097e-25
22,-19,1.13339e-24
22,-18,1.45144e-23
22,-17,2.05265e-22
22,-16,3.13995e-21
22,-15,5.1211e-20
22,-14,8.81067e-19
22,-13,1.58592e-17
22,-12,2.96699e-16
22,-11,5.73788e-15
22,-10,1.14182e-13
22,-9,2.32887e-12
22,-8,4.85166e-11
22,-7,1.02919e-09
22,-6,2.21695e-08
22,-5,4.83681e-07
22,-4,1.06629e-05
22,-3,0.000236996
22,-2,0.00529939
22,-1,0.118971
22,0,1.89235
22,1,0.118971
22,2,0.00529939
22,3,0.000236996
22,4,1.06629e-05
22,5,4.83681e-07
22,6,2.21695e-08
22,7,1.02919e-09
22,8,4.85166e-11
22,9,2.32887e-12
22,10,1.14182e-13
22,11,5.73788e-15
22,12,2.96699e-16
22,13,1.58592e-17
22,14,8.81067e-19
22,15,5.1211e-20
22,16,3.13995e-21
22,17,2.05265e-22
22,18,1.45144e-23
22,19,1.13339e-24
22,20,1.0097e-25
22,21,1.08879e-26
22,22,1.64141e-27
23,-23,3.68701e-29
23,-22,2.50065e-28
23,-21,2.37233e-27
23,-20,2.72559e-26
23,-19,3.57458e-25
23,-18,5.18006e-24
23,-17,8.12461e-23
23,-16,1.35951e-21
23,-15,2.40137e-20
23,-14,4.44091e-19
23,-13,8.54226e-18
23,-12,1.69989e-16
23,-11,3.48374e-15
23,-10,7.32413e-14
23,-9,1.57426e-12
23,-8,3.44904e-11
23,-7,7.68137e-10
23,-6,1.7347e-08
23,-5,3.96332e-07
23,-4,9.14145e-06
23,-3,0.000212428
23,-2,0.00496373
23,-1,0.11641
23,0,1.93394
23,1,0.11641
23,2,0.00496373
23,3,0.000212428
23,4,9.14145e-06
23,5,3.96332e-07
23,6,1.7347e-08
23,7,7.68137e-10
23,8,3.44904e-11
23,9,1.57426e-12
23,10,7.32413e-14
23,11,3.48374e-15
23,12,1.69989e-16
23,13,8.54226e-18
23,14,4.44091e-19
23,15,2.40137e-20
23,16,1.35951e-21
23,17,8.12461e-23
23,18,5.18006e-24
23,19,3.57458e-25
23,20,2.72559e-26
23,21,2.37233e-27
23,22,2.50065e-28
23,23,3.68701e-29
24,-24,7.92599e-31
24,-23,5.49129e-30
24,-22,5.324e-29
24,-21,6.25429e-28
24,-20,8.39101e-27
24,-19,1.24459e-25
24,-18,1.9991e-24
24,-17,3.42775e-23
24,-16,6.20792e-22
24,-15,1.17787e-20
24,-14,2.32611e-19
24,-13,4.75573e-18
24,-12,1.0021e-16
24,-11,2.16786e-15
24,-10,4.79877e-14
24,-9,1.08371e-12
24,-8,2.49019e-11
24,-7,5.80807e-10
24,-6,1.37198e-08
24,-5,3.27556e-07
24,-4,7.8886e-06
24,-3,0.000191288
24,-2,0.0046621
24,-1,0.114007
24,0,1.97466
24,1,0.114007
24,2,0.0046621
24,3,0.000191288
24,4,7.8886e-06
24,5,3.27556e-07
24,6,1.37198e-08
24,7,5.80807e-10
24,8,2.49019e-11
24,9,1.08371e-12
24,10,4.79877e-14
24,11,2.16786e-15
24,12,1.0021e-16
24,13,4.75573e-18
24,14,2.32611e-19
24,15,1.17787e-20
24,16,6.20792e-22
24,17,3.42775e-23
24,18,1.9991e-24
24,19,1.24459e-25
24,20,8.39101e-27
24,21,6.25429e-28
24,22,5.324e-29
24,23,5.49129e-30
24,24,7.92599e-31
25,-25,1.63365e-32
25,-24,1.15516e-31
25,-23,1.14355e-30
25,-22,1.37226e-29
25,-21,1.88155e-28
25,-20,2.85351e-27
25,-19,4.6888e-26
25,-18,8.22881e-25
25,-17,1.52622e-23
25,-16,2.96731e-22
25,-15,6.00833e-21
25,-14,1.26032e-19
25,-13,2.72649e-18
25,-12,6.05992e-17
25,-11,1.37921e-15
25,-10,3.205e-14
25,-9,7.58442e-13
25,-8,1.82342e-11
25,-7,4.44406e-10
25,-6,1.0958e-08
25,-5,2.72852e-07
25,-4,6.84854e-06
25,-3,0.000172985
25,-2,0.00438986
25,-1,0.111748
25,0,2.01456
25,1,0.111748
25,2,0.00438986
25,3,0.000172985
25,4,6.84854e-06
25,5,2.72852e-07
25,6,1.0958e-08
25,7,4.44406e-10
25,8,1.82342e-11
25,9,7.58442e-13
25,10,3.205e-14
25,11,1.37921e-15
25,12,6.05992e-17
25,13,2.72649e-18
25,14,1.26032e-19
25,15,6.00833e-21
25,16,2.96731e-22
25,17,1.52622e-23
25,18,8.22881e-25
25,19,4.6888e-26
25,20,2.85351e-27
25,21,1.88155e-28
25,22,1.37226e-29
25,23,1.14355e-30
25,24,1.15516e-31
25,25,1.63365e-32
26,-26,3.23388e-34
26,-25,2.33198e-33
26,-24,2.35519e-32
26,-23,2.8845e-31
26,-22,4.03831e-30
26,-21,6.25612e-29
26,-20,1.05058e-27
26,-19,1.8852e-26
26,-18,3.57691e-25
26,-17,7.11797e-24
26,-16,1.47601e-22
26,-15,3.17257e-21
26,-14,7.0371e-20
26,-13,1.60471e-18
26,-12,3.74966e-17
26,-11,8.95219e-16
26,-10,2.17816e-14
26,-9,5.38848e-13
26,-8,1.3525e-11
26,-7,3.43758e-10
26,-6,8.8313e-09
26,-5,2.28933e-07
26,-4,5.97862e-06
26,-3,0.000157046
26,-2,0.00414315
26,-1,0.109617
26,0,2.05368
26,1,0.109617
26,2,0.00414315
26,3,0.000157046
26,4,5.97862e-06
26,5,2.28933e-07
26,6,8.8313e-09
26,7,3.43758e-10
26,8,1.3525e-11
26,9,5.38848e-13
26,10,2.17816e-14
26,11,8.95219e-16
26,12,3.74966e-17
26,13,1.60471e-18
26,14,7.0371e-20
26,15,3.17257e-21
26,16,1.47601e-22
26,17,7.11797e-24
26,18,3.57691e-25
26,19,1.8852e-26
26,20,1.05058e-27
26,21,6.25612e-29
26,22,4.03831e-30
26,23,2.8845e-31
26,24,2.35519e-32
26,25,2.33198e-33
26,26,3.23388e-34
27,-27,6.1579e-36
27,-26,4.52511e-35
27,-25,4.65889e-34
27,-24,5.81895e-33
27,-23,8.31112e-32
27,-22,1.3141e-30
27,-21,2.25322e-29
27,-20,4.13022e-28
27,-19,8.00879e-27
27,-18,1.62955e-25
27,-17,3.45679e-24
27,-16,7.60494e-23
27,-15,1.72751e-21
27,-14,4.03661e-20
27,-13,9.67104e-19
27,-12,2.36891e-17
27,-11,5.91754e-16
27,-10,1.50403e-14
27,-9,3.88145e-13
27,-8,1.01513e-11
27,-7,2.68579e-10
27,-6,7.17663e-09
27,-5,1.9337e-07
27,-4,5.24599e-06
27,-3,0.000143092
27,-2,0.00391873
27,-1,0.107605
27,0,2.09207
27,1,0.107605
27,2,0.00391873
27,3,0.000143092
27,4,5.24599e-06
27,5,1.9337e-07
27,6,7.17663e-09
27,7,2.68579e-10
27,8,1.01513e-11
27,9,3.88145e-13
27,10,1.50403e-14
27,11,5.91754e-16
27,12,2.36891e-17
27,13,9.67104e-19
27,14,4.03661e-20
27,15,1.72751e-21
27,16,7.60494e-23
27,17,3.45679e-24
27,18,1.62955e-25
27,19,8.00879e-27
27,20,4.13022e-28
27,21,2.25322e-29
27,22,1.3141e-30
27,23,8.31112e-32
27,24,5.81895e-33
27,25,4.65889e-34
27,26,4.52511e-35
27,27,6.1579e-36
28,-28,1.12956e-37
28,-27,8.45293e-37
28,-26,8.8655e-36
28,-25,1.12839e-34
28,-24,1.64297e-33
28,-23,2.64921e-32
28,-22,4.63422e-31
28,-21,8.66982e-30
28,-20,1.71654e-28
28,-19,3.56776e-27
28,-18,7.73471e-26
28,-17,1.73988e-24
28,-16,4.04312e-23
28,-15,9.66973e-22
28,-14,2.37253e-20
28,-13,5.95501e-19
28,-12,1.52523e-17
28,-11,3.97731e-16
28,-10,1.0538e-14
28,-9,2.83156e-13
28,-8,7.70269e-12
28,-7,2.11789e-10
28,-6,5.8769e-09
28,-5,1.64343e-07
28,-4,4.62503e-06
28,-3,0.000130816
28,-2,0.00371387
28,-1,0.105699
28,0,2.12977
28,1,0.105699
28,2,0.00371387
28,3,0.000130816
28,4,4.62503e-06
28,5,1.64343e-07
28,6,5.8769e-09
28,7,2.11789e-10
28,8,7.70269e-12
28,9,2.83156e-13
28,10,1.0538e-14
28,11,3.97731e-16
28,12,1.52523e-17
28,13,5.95501e-19
28,14,2.37253e-20
28,15,9.66973e-22
28,16,4.04312e-23
28,17,1.73988e-24
28,18,7.73471e-26
28,19,3.56776e-27
28,20,1.71654e-28
28,21,8.66982e-30
28,22,4.63422e-31
28,23,2.64921e-32
28,24,1.64297e-33
28,25,1.12839e-34
28,26,8.86551e-36
28,27,8.45293e-37
28,28,1.12958e-37
29,-29,1.99923e-39
29,-28,1.52216e-38
29,-27,1.62524e-37
29,-26,2.10655e-36
29,-25,3.12452e-35
29,-24,5.1341e-34
29,-23,9.15542e-33
29,-22,1.74674e-31
29,-21,3.52825e-30
29,-20,7.48454e-29
29,-19,1.65677e-27
29,-18,3.80698e-26
29,-17,9.04107e-25
29,-16,2.21091e-23
29,-15,5.54933e-22
29,-14,1.42565e-20
29,-13,3.73944e-19
29,-12,9.99208e-18
29,-11,2.71446e-16
29,-10,7.48326e-15
29,-9,2.08996e-13
29,-8,5.90391e-12
29,-7,1.68443e-10
29,-6,4.84693e-09
29,-5,1.40477e-07
29,-4,4.09559e-06
29,-3,0.000119966
29,-2,0.00352628
29,-1,0.103891
29,0,2.16681
29,1,0.103891
29,2,0.00352628
29,3,0.000119966
29,4,4.09559e-06
29,5,1.40477e-07
29,6,4.84693e-09
29,7,1.68443e-10
29,8,5.90391e-12
29,9,2.08996e-13
29,10,7.48326e-15
29,11,2.71446e-16
29,12,9.99208e-18
29,13,3.73944e-19
29,14,1.42565e-20
29,15,5.54933e-22
29,16,2.21091e-23
29,17,9.04107e-25
29,18,3.80698e-26
29,19,1.65677e-27
29,20,7.48454e-29
29,21,3.52825e-30
29,22,1.74674e-31
29,23,9.15542e-33
29,24,5.1341e-34
29,25,3.12452e-35
29,26,2.10655e-36
29,27,1.62524e-37
29,28,1.52219e-38
29,29,1.9982e-39
30,-30,3.40286e-41
30,-29,2.64652e-40
30,-28,2.87409e-39
30,-27,3.79122e-38
30,-26,5.72461e-37
30,-25,9.57911e-36
30,-24,1.74013e-34
30,-23,3.3832e-33
30,-22,6.96644e-32
30,-21,1.50707e-30
30,-20,3.40345e-29
30,-19,7.98179e-28
30,-18,1.93548e-26
30,-17,4.83483e-25
30,-16,1.24021e-23
30,-15,3.25776e-22
30,-14,8.74148e-21
30,-13,2.39076e-19
30,-12,6.6513e-18
30,-11,1.87892e-16
30,-10,5.3804e-15
30,-9,1.55939e-13
30,-8,4.5677e-12
30,-7,1.35037e-10
30,-6,4.02402e-09
30,-5,1.20721e-07
30,-4,3.64168e-06
30,-3,0.000110338
30,-2,0.00335397
30,-1,0.102172
30,0,2.20323
30,1,0.102172
30,2,0.00335397
30,3,0.000110338
30,4,3.64168e-06
30,5,1.20721e-07
30,6,4.02402e-09
30,7,1.35037e-10
30,8,4.5677e-12
30,9,1.55939e-13
30,10,5.3804e-15
30,11,1.87892e-16
30,12,6.6513e-18
30,13,2.39076e-19
30,14,8.74148e-21
30,15,3.25776e-22
30,16,1.24021e-23
30,17,4.83483e-25
30,18,1.93548e-26
30,19,7.98179e-28
30,20,3.40345e-29
30,21,1.50707e-30
30,22,6.96644e-32
30,23,3.3832e-33
30,24,1.74013e-34
30,25,9.57911e-36
30,26,5.72461e-37
30,27,3.79122e-38
30,28,2.87414e-39
30,29,2.64515e-40
30,30,3.42881e-41
31,-31,5.82619e-43
31,-30,4.42777e-42
31,-29,4.91044e-41
31,-28,6.58627e-40
31,-27,1.01181e-38
31,-26,1.72306e-37
31,-25,3.18649e-36
31,-24,6.30892e-35
31,-23,1.32337e-33
31,-22,2.91743e-32
31,-21,6.71642e-31
31,-20,1.60633e-29
31,-19,3.97385e-28
31,-18,1.01314e-26
31,-17,2.65357e-25
31,-16,7.12027e-24
31,-15,1.95256e-22
31,-14,5.4602e-21
31,-13,1.554e-19
31,-12,4.49319e-18
31,-11,1.31766e-16
31,-10,3.91325e-15
31,-9,1.17528e-13
31,-8,3.5648e-12
31,-7,1.09062e-10
31,-6,3.36151e-09
31,-5,1.04261e-07
31,-4,3.25054e-06
31,-3,0.000101758
31,-2,0.00319527
31,-1,0.100537
31,0,2.23906
31,1,0.100537
31,2,0.00319527
31,3,0.000101758
31,4,3.25054e-06
31,5,1.04261e-07
31,6,3.36151e-09
31,7,1.09062e-10
31,8,3.5648e-12
31,9,1.17528e-13
31,10,3.91325e-15
31,11,1.31766e-16
31,12,4.49319e-18
31,13,1.554e-19
31,14,5.4602e-21
31,15,1.95256e-22
31,16,7.12027e-24
31,17,2.65357e-25
31,18,1.01314e-26
31,19,3.97385e-28
31,20,1.60633e-29
31,21,6.71642e-31
31,22,2.91743e-32
31,23,1.32337e-33
31,24,6.30892e-35
31,25,3.18649e-36
31,26,1.72306e-37
31,27,1.01181e-38
31,28,6.58641e-40
31,29,4.9079e-41
31,30,4.46153e-42
31,31,5.47898e-43
32,-32,8.10197e-45
32,-31,7.45591e-44
32,-30,8.07775e-43
32,-29,1.10612e-41
32,-28,1.72735e-40
32,-27,2.99189e-39
32,-26,5.62921e-38
32,-25,1.13425e-36
32,-24,2.4221e-35
32,-23,5.43761e-34
32,-22,1.27523e-32
32,-21,3.10801e-31
32,-20,7.8381e-30
32,-19,2.03791e-28
32,-18,5.44545e-27
32,-17,1.4913e-25
32,-16,4.17563e-24
32,-15,1.1928e-22
32,-14,3.46938e-21
32,-13,1.02567e-19
32,-12,3.07701e-18
32,-11,9.35331e-17
32,-10,2.87681e-15
32,-9,8.94128e-14
32,-8,2.80477e-12
32,-7,8.86946e-11
32,-6,2.82433e-09
32,-5,9.04669e-08
32,-4,2.91185e-06
32,-3,9.40849e-05
32,-2,0.0030487
32,-1,0.0989771
32,0,2.27432
32,1,0.0989771
32,2,0.0030487
32,3,9.40849e-05
32,4,2.91185e-06
32,5,9.04669e-08
32,6,2.82433e-09
32,7,8.86946e-11
32,8,2.80477e-12
32,9,8.94128e-14
32,10,2.87681e-15
32,11,9.35331e-17
32,12,3.07701e-18
32,13,1.02567e-19
32,14,3.46938e-21
32,15,1.1928e-22
32,16,4.17563e-24
32,17,1.4913e-25
32,18,5.44545e-27
32,19,2.03791e-28
32,20,7.8381e-30
32,21,3.10801e-31
32,22,1.27523e-32
32,23,5.43761e-34
32,24,2.4221e-35
32,25,1.13425e-36
32,26,5.62921e-38
32,27,2.99189e-39
32,28,1.72739e-40
32,29,1.10555e-41
32,30,8.13934e-43
32,31,7.01157e-44
32,32,1.03714e-44
33,-33,1.70625e-46
33,-32,1.02027e-45
33,-31,1.33815e-44
33,-30,1.78962e-43
33,-29,2.85244e-42
33,-28,5.0209e-41
33,-27,9.60564e-40
33,-26,1.96857e-38
33,-25,4.27683e-37
33,-24,9.77141e-36
33,-23,2.33289e-34
33,-22,5.79009e-33
33,-21,1.4875e-31
33,-20,3.94117e-30
33,-19,1.07356e-28
33,-18,2.9983e-27
33,-17,8.56485e-26
33,-16,2.49706e-24
33,-15,7.4159e-23
33,-14,2.23955e-21
33,-13,6.86633e-20
33,-12,2.13409e-18
33,-11,6.71477e-17
33,-10,2.1361e-15
33,-9,6.86217e-14
33,-8,2.2236e-12
33,-7,7.25996e-11
33,-6,2.38587e-09
33,-5,7.8842e-08
33,-4,2.61727e-06
33,-3,8.71987e-05
33,-2,0.00291301
33,-1,0.097488
33,0,2.30905
33,1,0.097488
33,2,0.00291301
33,3,8.71987e-05
33,4,2.61727e-06
33,5,7.8842e-08
33,6,2.38587e-09
33,7,7.25996e-11
33,8,2.2236e-12
33,9,6.86217e-14
33,10,2.1361e-15
33,11,6.71477e-17
33,12,2.13409e-18
33,13,6.86633e-20
33,14,2.23955e-21
33,15,7.4159e-23
33,16,2.49706e-24
33,17,8.56485e-26
33,18,2.9983e-27
33,19,1.07356e-28
33,20,3.94117e-30
33,21,1.4875e-31
33,22,5.79009e-33
33,23,2.33289e-34
33,24,9.77141e-36
33,25,4.27683e-37
33,26,1.96857e-38
33,27,9.60564e-40
33,28,5.021e-41
33,29,2.85097e-42
33,30,1.80327e-43
33,31,1.25841e-44
33,32,1.30605e-45
33,33,1.21494e-46
34,-34,2.26662e-48
34,-33,2.11539e-47
34,-32,1.80237e-46
34,-31,2.91741e-45
34,-30,4.54034e-44
34,-29,8.15491e-43
34,-28,1.58507e-41
34,-27,3.30216e-40
34,-26,7.2947e-39
34,-25,1.69514e-37
34,-24,4.11747e-36
34,-23,1.04002e-34
34,-22,2.72e-33
34,-21,7.33896e-32
34,-20,2.03648e-30
34,-19,5.79592e-29
34,-18,1.6878e-27
34,-17,5.01818e-26
34,-16,1.52043e-24
34,-15,4.68629e-23
34,-14,1.46704e-21
34,-13,4.65771e-20
34,-12,1.49773e-18
34,-11,4.87165e-17
34,-10,1.60099e-15
34,-9,5.30987e-14
34,-8,1.77544e-12
34,-7,5.97877e-11
34,-6,2.02573e-09
34,-5,6.8994e-08
34,-4,2.35996e-06
34,-3,8.09985e-05
34,-2,0.0027871
34,-1,0.0960641
34,0,2.34326
34,1,0.0960641
34,2,0.0027871
34,3,8.09985e-05
34,4,2.35996e-06
34,5,6.8994e-08
34,6,2.02573e-09
34,7,5.97877e-11
34,8,1.77544e-12
34,9,5.30987e-14
34,10,1.60099e-15
34,11,4.87165e-17
34,12,1.49773e-18
34,13,4.65771e-20
34,14,1.46704e-21
34,15,4.68629e-23
34,16,1.52043e-24
34,17,5.01818e-26
34,18,1.6878e-27
34,19,5.79592e-29
34,20,2.03648e-30
34,21,7.33896e-32
34,22,2.72e-33
34,23,1.04002e-34
34,24,4.11747e-36
34,25,1.69514e-37
34,26,7.2947e-39
34,27,3.30215e-40
34,28,1.5851e-41
34,29,8.15069e-43
34,30,4.57496e-44
34,31,2.74355e-45
34,32,2.30722e-46
34,33,1.50628e-47
34,34,1.97248e-48
35,-35,2.97984e-50
35,-34,2.76796e-49
35,-33,3.68007e-48
35,-32,3.86877e-47
35,-31,7.28551e-46
35,-30,1.27738e-44
35,-29,2.53285e-43
35,-28,5.35959e-42
35,-27,1.20324e-40
35,-26,2.84229e-39
35,-25,7.01994e-38
35,-24,1.80345e-36
35,-23,4.79868e-35
35,-22,1.31767e-33
35,-21,3.72228e-32
35,-20,1.07882e-30
35,-19,3.2003e-29
35,-18,9.69642e-28
35,-17,2.99492e-26
35,-16,9.41378e-25
35,-15,3.00652e-23
35,-14,9.74224e-22
35,-13,3.19866e-20
35,-12,1.0628e-18
35,-11,3.5695e-17
35,-10,1.21048e-15
35,-9,4.14046e-14
35,-8,1.42711e-12
35,-7,4.95188e-11
35,-6,1.7282e-09
35,-5,6.06103e-08
35,-4,2.13431e-06
35,-3,7.53989e-05
35,-2,0.00267001
35,-1,0.0947009
35,0,2.37697
35,1,0.0947009
35,2,0.00267001
35,3,7.53989e-05
35,4,2.13431e-06
35,5,6.06103e-08
35,6,1.7282e-09
35,7,4.95188e-11
35,8,1.42711e-12
35,9,4.14046e-14
35,10,1.21048e-15
35,11,3.5695e-17
35,12,1.0628e-18
35,13,3.19866e-20
35,14,9.74224e-22
35,15,3.00652e-23
35,16,9.41378e-25
35,17,2.99492e-26
35,18,9.69642e-28
35,19,3.2003e-29
35,20,1.07882e-30
35,21,3.72228e-32
35,22,1.31767e-33
35,23,4.79868e-35
35,24,1.80345e-36
35,25,7.01994e-38
35,26,2.84229e-39
35,27,1.20324e-40
35,28,5.3597e-42
35,29,2.53154e-43
35,30,1.28712e-44
35,31,6.85133e-46
35,32,4.95242e-47
35,33,2.62042e-48
35,34,2.40876e-49
35,35,3.17196e-50
36,-36,4.08523e-52
36,-35,3.58588e-51
36,-34,4.74414e-50
36,-33,7.78081e-49
36,-32,9.51438e-48
36,-31,2.01809e-46
36,-30,3.90533e-45
36,-29,8.42818e-44
36,-28,1.9214e-42
36,-27,4.61142e-41
36,-26,1.15746e-39
36,-25,3.02271e-38
36,-24,8.1781e-37
36,-23,2.28402e-35
36,-22,6.56432e-34
36,-21,1.9362e-32
36,-20,5.84719e-31
36,-19,1.80412e-29
36,-18,5.67653e-28
36,-17,1.81826e-26
36,-16,5.91984e-25
36,-15,1.95623e-23
36,-14,6.55266e-22
36,-13,2.22211e-20
36,-12,7.62026e-19
36,-11,2.63974e-17
36,-10,9.22776e-16
36,-9,3.25205e-14
36,-8,1.15436e-12
36,-7,4.12351e-11
36,-6,1.48103e-09
36,-5,5.34402e-08
36,-4,1.93569e-06
36,-3,7.0327e-05
36,-2,0.00256091
36,-1,0.0933941
36,0,2.41022
36,1,0.0933941
36,2,0.00256091
36,3,7.0327e-05
36,4,1.93569e-06
36,5,5.34402e-08
36,6,1.48103e-09
36,7,4.12351e-11
36,8,1.15436e-12
36,9,3.25205e-14
36,10,9.22776e-16
36,11,2.63974e-17
36,12,7.62026e-19
36,13,2.22211e-20
36,14,6.55266e-22
36,15,1.95623e-23
36,16,5.91984e-25
36,17,1.81826e-26
36,18,5.67653e-28
36,19,1.80412e-29
36,20,5.84719e-31
36,21,1.9362e-32
36,22,6.56432e-34
36,23,2.28402e-35
36,24,8.1781e-37
36,25,3.02271e-38
36,26,1.15746e-39
36,27,4.61142e-41
36,28,1.92144e-42
36,29,8.42383e-44
36,30,3.9351e-45
36,31,1.89782e-46
36,32,1.21794e-47
36,33,5.54037e-49
36,34,4.1285e-50
36,35,3.81707e-51
36,36,4.68854e-52
37,-37,5.61931e-54
37,-36,4.84646e-53
37,-35,6.05779e-52
37,-34,9.88459e-51
37,-33,1.88528e-49
37,-32,2.59603e-48
37,-31,6.07617e-47
37,-30,1.27949e-45
37,-29,2.97424e-44
37,-28,7.24691e-43
37,-27,1.84763e-41
37,-26,4.9023e-40
37,-25,1.34791e-38
37,-24,3.82674e-37
37,-23,1.1183e-35
37,-22,3.35489e-34
37,-21,1.03078e-32
37,-20,3.23671e-31
37,-19,1.03676e-29
37,-18,3.3818e-28
37,-17,1.12162e-26
37,-16,3.77703e-25
37,-15,1.28973e-23
37,-14,4.46031e-22
37,-13,1.56047e-20
37,-12,5.5171e-19
37,-11,1.96923e-17
37,-10,7.08922e-16
37,-9,2.57174e-14
37,-8,9.393e-13
37,-7,3.45121e-11
37,-6,1.27461e-09
37,-5,4.72811e-08
37,-4,1.76023e-06
37,-3,6.57204e-05
37,-2,0.00245903
37,-1,0.09214
37,0,2.44301
37,1,0.09214
37,2,0.00245903
37,3,6.57204e-05
37,4,1.76023e-06
37,5,4.72811e-08
37,6,1.27461e-09
37,7,3.45121e-11
37,8,9.393e-13
37,9,2.57174e-14
37,10,7.08922e-16
37,11,1.96923e-17
37,12,5.5171e-19
37,13,1.56047e-20
37,14,4.46031e-22
37,15,1.28973e-23
37,16,3.77703e-25
37,17,1.12162e-26
37,18,3.3818e-28
37,19,1.03676e-29
37,20,3.23671e-31
37,21,1.03078e-32
37,22,3.35489e-34
37,23,1.1183e-35
37,24,3.82674e-37
37,25,1.34791e-38
37,26,4.9023e-40
37,27,1.84762e-41
37,28,7.24705e-43
37,29,2.9727e-44
37,30,1.28925e-45
37,31,5.71406e-47
37,32,3.32319e-48
37,33,1.34242e-49
37,34,8.60187e-51
37,35,6.44835e-52
37,36,5.56218e-53
37,37,6.48814e-54
38,-38,7.64056e-56
38,-37,6.57457e-55
38,-36,8.07306e-54
38,-35,1.24431e-52
38,-34,2.36068e-51
38,-33,5.06927e-50
38,-32,7.70107e-49
38,-31,1.96096e-47
38,-30,4.44676e-46
38,-29,1.10452e-44
38,-28,2.85822e-43
38,-27,7.70137e-42
38,-26,2.15088e-40
38,-25,6.20408e-39
38,-24,1.84252e-37
38,-23,5.61892e-36
38,-22,1.75541e-34
38,-21,5.60632e-33
38,-20,1.82701e-31
38,-19,6.065e-30
38,-18,2.04778e-28
38,-17,7.02242e-27
38,-16,2.44275e-25
38,-15,8.60876e-24
38,-14,3.07032e-22
38,-13,1.10702e-20
38,-12,4.03114e-19
38,-11,1.48113e-17
38,-10,5.4862e-16
38,-9,2.04687e-14
38,-8,7.686e-13
38,-7,2.90242e-11
38,-6,1.10139e-09
38,-5,4.19686e-08
38,-4,1.60472e-06
38,-3,6.15258e-05
38,-2,0.00236374
38,-1,0.0909351
38,0,2.47537
38,1,0.0909351
38,2,0.00236374
38,3,6.15258e-05
38,4,1.60472e-06
38,5,4.19686e-08
38,6,1.10139e-09
38,7,2.90242e-11
38,8,7.686e-13
38,9,2.04687e-14
38,10,5.4862e-16
38,11,1.48113e-17
38,12,4.03114e-19
38,13,1.10702e-20
38,14,3.07032e-22
38,15,8.60876e-24
38,16,2.44275e-25
38,17,7.02242e-27
38,18,2.04778e-28
38,19,6.065e-30
38,20,1.82701e-31
38,21,5.60632e-33
38,22,1.75541e-34
38,23,5.61892e-36
38,24,1.84252e-37
38,25,6.20408e-39
38,26,2.15088e-40
38,27,7.70137e-42
38,28,2.85828e-43
38,29,1.10395e-44
38,30,4.48066e-46
38,31,1.8441e-47
38,32,9.85817e-49
38,33,3.6096e-50
38,34,2.05433e-51
38,35,1.32453e-52
38,36,9.26529e-54
38,37,7.5911e-55
38,38,8.56187e-56
39,-39,1.02751e-57
39,-38,8.81958e-57
39,-37,1.0803e-55
39,-36,1.63545e-54
39,-35,2.93029e-53
39,-34,6.2579e-52
39,-33,1.48226e-50
39,-32,2.44928e-49
39,-31,6.71481e-48
39,-30,1.6267e-46
39,-29,4.29031e-45
39,-28,1.17307e-43
39,-27,3.32625e-42
39,-26,9.74313e-41
39,-25,2.93913e-39
39,-24,9.10657e-38
39,-23,2.89125e-36
39,-22,9.38654e-35
39,-21,3.11033e-33
39,-20,1.05017e-31
39,-19,3.60745e-30
39,-18,1.25899e-28
39,-17,4.45833e-27
39,-16,1.60004e-25
39,-15,5.81323e-24
39,-14,2.13592e-22
39,-13,7.92883e-21
39,-12,2.97093e-19
39,-11,1.12268e-17
39,-10,4.27504e-16
39,-9,1.63908e-14
39,-8,6.32267e-13
39,-7,2.45202e-11
39,-6,9.55346e-10
39,-5,3.73685e-08
39,-4,1.46645e-06
39,-3,5.76968e-05
39,-2,0.00227446
39,-1,0.0897762
39,0,2.50731
39,1,0.0897762
39,2,0.00227446
39,3,5.76968e-05
39,4,1.46645e-06
39,5,3.73685e-08
39,6,9.55346e-10
39,7,2.45202e-11
39,8,6.32267e-13
39,9,1.63908e-14
39,10,4.27504e-16
39,11,1.12268e-17
39,12,2.97093e-19
39,13,7.92883e-21
39,14,2.13592e-22
39,15,5.81323e-24
39,16,1.60004e-25
39,17,4.45833e-27
39,18,1.25899e-28
39,19,3.60745e-30
39,20,1.05017e-31
39,21,3.11033e-33
39,22,9.38654e-35
39,23,2.89125e-36
39,24,9.10657e-38
39,25,2.93913e-39
39,26,9.74313e-41
39,27,3.32625e-42
39,28,1.17309e-43
39,29,4.28809e-45
39,30,1.63911e-46
39,31,6.31464e-48
39,32,3.13534e-49
39,33,1.05545e-50
39,34,5.44581e-52
39,35,3.11921e-53
39,36,1.87697e-54
39,37,1.24733e-55
39,38,9.88307e-57
39,39,1.08201e-57
40,-40,1.36913e-59
40,-39,1.17058e-58
40,-38,1.43003e-57
40,-37,2.15918e-56
40,-36,3.79917e-55
40,-35,7.66114e-54
40,-34,1.80434e-52
40,-33,4.64772e-51
40,-32,8.26698e-50
40,-31,2.42078e-48
40,-30,6.2257e-47
40,-29,1.73456e-45
40,-28,4.98985e-44
40,-27,1.48361e-42
40,-26,4.5438e-41
40,-25,1.42967e-39
40,-24,4.61056e-38
40,-23,1.52079e-36
40,-22,5.12124e-35
40,-21,1.75771e-33
40,-20,6.13942e-32
40,-19,2.17928e-30
40,-18,7.85145e-29
40,-17,2.86766e-27
40,-16,1.06065e-25
40,-15,3.96858e-24
40,-14,1.50073e-22
40,-13,5.73036e-21
40,-12,2.20749e-19
40,-11,8.57234e-18
40,-10,3.35309e-16
40,-9,1.32011e-14
40,-8,5.22738e-13
40,-7,2.08047e-11
40,-6,8.31668e-10
40,-5,3.33705e-08
40,-4,1.34314e-06
40,-3,5.41936e-05
40,-2,0.00219065
40,-1,0.0886606
40,0,2.53885
40,1,0.0886606
40,2,0.00219065
40,3,5.41936e-05
40,4,1.34314e-06
40,5,3.33705e-08
40,6,8.31668e-10
40,7,2.08047e-11
40,8,5.22738e-13
40,9,1.32011e-14
40,10,3.35309e-16
40,11,8.57234e-18
40,12,2.20749e-19
40,13,5.73036e-21
40,14,1.50073e-22
40,15,3.96858e-24
40,16,1.06065e-25
40,17,2.86766e-27
40,18,7.85145e-29
40,19,2.17928e-30
40,20,6.13942e-32
40,21,1.75771e-33
40,22,5.12124e-35
40,23,1.52079e-36
40,24,4.61056e-38
40,25,1.42967e-39
40,26,4.5438e-41
40,27,1.4836e-42
40,28,4.98995e-44
40,29,1.73366e-45
40,30,6.27317e-47
40,31,2.27651e-48
40,32,1.05826e-49
40,33,3.30943e-51
40,34,1.57019e-52
40,35,8.15508e-54
40,36,4.36023e-55
40,37,2.49302e-56
40,38,1.60246e-57
40,39,1.23267e-58
40,40,1.31663e-59
41,-41,1.78271e-61
41,-40,1.53993e-60
41,-39,1.87356e-59
41,-38,2.8209e-58
41,-37,4.94957e-57
41,-36,9.79997e-56
41,-35,2.17901e-54
41,-34,5.57998e-53
41,-33,1.54691e-51
41,-32,2.93835e-50
41,-31,9.1324e-49
41,-30,2.48057e-47
41,-29,7.26988e-46
41,-28,2.19246e-44
41,-27,6.81435e-43
41,-26,2.17633e-41
41,-25,7.12561e-40
41,-24,2.38681e-38
41,-23,8.16415e-37
41,-22,2.84694e-35
41,-21,1.01056e-33
41,-20,3.64644e-32
41,-19,1.33581e-30
41,-18,4.96232e-29
41,-17,1.86731e-27
41,-16,7.1105e-26
41,-15,2.73731e-24
41,-14,1.06439e-22
41,-13,4.17696e-21
41,-12,1.65294e-19
41,-11,6.59106e-18
41,-10,2.64629e-16
41,-9,1.06905e-14
41,-8,4.3425e-13
41,-7,1.77246e-11
41,-6,7.26493e-10
41,-5,2.98835e-08
41,-4,1.23285e-06
41,-3,5.09812e-05
41,-2,0.00211188
41,-1,0.0875856
41,0,2.57001
41,1,0.0875856
41,2,0.00211188
41,3,5.09812e-05
41,4,1.23285e-06
41,5,2.98835e-08
41,6,7.26493e-10
41,7,1.77246e-11
41,8,4.3425e-13
41,9,1.06905e-14
41,10,2.64629e-16
41,11,6.59106e-18
41,12,1.65294e-19
41,13,4.17696e-21
41,14,1.06439e-22
41,15,2.73731e-24
41,16,7.1105e-26
41,17,1.86731e-27
41,18,4.96232e-29
41,19,1.33581e-30
41,20,3.64644e-32
41,21,1.01056e-33
41,22,2.84694e-35
41,23,8.16415e-37
41,24,2.38681e-38
41,25,7.12561e-40
41,26,2.17633e-41
41,27,6.81435e-43
41,28,2.1925e-44
41,29,7.26613e-46
41,30,2.49949e-47
41,31,8.58815e-49
41,32,3.76139e-50
41,33,1.10149e-51
41,34,4.85586e-53
41,35,2.3195e-54
41,36,1.12472e-55
41,37,5.71484e-57
41,38,3.16105e-58
41,39,1.97293e-59
41,40,1.48087e-60
41,41,1.57124e-61
42,-42,2.18078e-63
42,-41,1.98021e-62
42,-40,2.43376e-61
42,-39,3.64886e-60
42,-38,6.38328e-59
42,-37,1.26011e-57
42,-36,2.75057e-56
42,-35,6.64864e-55
42,-34,1.83207e-53
42,-33,5.42284e-52
42,-32,1.0931e-50
42,-31,3.58749e-49
42,-30,1.02482e-47
42,-29,3.14804e-46
42,-28,9.9224e-45
42,-27,3.21526e-43
42,-26,1.06832e-41
42,-25,3.63228e-40
42,-24,1.2614e-38
42,-23,4.46685e-37
42,-22,1.61055e-35
42,-21,5.90436e-34
42,-20,2.19814e-32
42,-19,8.30069e-31
42,-18,3.17603e-29
42,-17,1.23007e-27
42,-16,4.81774e-26
42,-15,1.90651e-24
42,-14,7.6165e-23
42,-13,3.06937e-21
42,-12,1.24678e-19
42,-11,5.10115e-18
42,-10,2.10078e-16
42,-9,8.70242e-15
42,-8,3.6238e-13
42,-7,1.51594e-11
42,-6,6.36697e-10
42,-5,2.68321e-08
42,-4,1.13395e-06
42,-3,4.80293e-05
42,-2,0.00203771
42,-1,0.0865487
42,0,2.60079
42,1,0.0865487
42,2,0.00203771
42,3,4.80293e-05
42,4,1.13395e-06
42,5,2.68321e-08
42,6,6.36697e-10
42,7,1.51594e-11
42,8,3.6238e-13
42,9,8.70242e-15
42,10,2.10078e-16
42,11,5.10115e-18
42,12,1.24678e-19
42,13,3.06937e-21
42,14,7.6165e-23
42,15,1.90651e-24
42,16,4.81774e-26
42,17,1.23007e-27
42,18,3.17603e-29
42,19,8.30069e-31
42,20,2.19814e-32
42,21,5.90436e-34
42,22,1.61055e-35
42,23,4.46685e-37
42,24,1.2614e-38
42,25,3.63228e-40
42,26,1.06832e-41
42,27,3.21526e-43
42,28,9.9226e-45
42,29,3.14641e-46
42,30,1.03263e-47
42,31,3.37369e-49
42,32,1.39927e-50
42,33,3.86136e-52
42,34,1.59432e-53
42,35,7.0773e-55
42,36,3.15678e-56
42,37,1.45494e-57
42,38,7.15299e-59
42,39,3.84238e-60
42,40,2.34043e-61
42,41,1.74532e-62
42,42,1.89081e-63
43,-43,2.44687e-65
43,-42,2.39306e-64
43,-41,3.09128e-63
43,-40,4.68113e-62
43,-39,8.15324e-61
43,-38,1.60449e-59
43,-37,3.49132e-58
43,-36,8.28341e-57
43,-35,2.15417e-55
43,-34,6.33676e-54
43,-33,1.99008e-52
43,-32,4.2352e-51
43,-31,1.46155e-49
43,-30,4.3753e-48
43,-29,1.40439e-46
43,-28,4.61406e-45
43,-27,1.55517e-43
43,-26,5.36476e-42
43,-25,1.89065e-40
43,-24,6.79583e-39
43,-23,2.48768e-37
43,-22,9.2614e-36
43,-21,3.50223e-34
43,-20,1.34369e-32
43,-19,5.22486e-31
43,-18,2.05703e-29
43,-17,8.19203e-28
43,-16,3.29723e-26
43,-15,1.34015e-24
43,-14,5.49626e-23
43,-13,2.27282e-21
43,-12,9.46979e-20
43,-11,3.9728e-18
43,-10,1.67707e-16
43,-9,7.11914e-15
43,-8,3.03713e-13
43,-7,1.30137e-11
43,-6,5.59739e-10
43,-5,2.41532e-08
43,-4,1.04503e-06
43,-3,4.53114e-05
43,-2,0.00196779
43,-1,0.0855479
43,0,2.63121
43,1,0.0855479
43,2,0.00196779
43,3,4.53114e-05
43,4,1.04503e-06
43,5,2.41532e-08
43,6,5.59739e-10
43,7,1.30137e-11
43,8,3.03713e-13
43,9,7.11914e-15
43,10,1.67707e-16
43,11,3.9728e-18
43,12,9.46979e-20
43,13,2.27282e-21
43,14,5.49626e-23
43,15,1.34015e-24
43,16,3.29723e-26
43,17,8.19203e-28
43,18,2.05703e-29
43,19,5.22486e-31
43,20,1.34369e-32
43,21,3.50223e-34
43,22,9.2614e-36
43,23,2.48768e-37
43,24,6.79583e-39
43,25,1.89065e-40
43,26,5.36476e-42
43,27,1.55517e-43
43,28,4.61416e-45
43,29,1.40367e-46
43,30,4.40866e-48
43,31,1.37445e-49
43,32,5.42149e-51
43,33,1.41704e-52
43,34,5.51444e-54
43,35,2.29306e-55
43,36,9.50671e-57
43,37,4.03113e-58
43,38,1.79796e-59
43,39,8.58566e-61
43,40,4.50161e-62
43,41,2.72459e-63
43,42,2.07486e-64
43,43,2.33816e-65
44,-44,2.64298e-67
44,-43,2.6533e-66
44,-42,3.69109e-65
44,-41,5.87387e-64
44,-40,1.03318e-62
44,-39,2.024e-61
44,-38,4.38976e-60
44,-37,1.03808e-58
44,-36,2.64938e-57
44,-35,7.35401e-56
44,-34,2.29485e-54
44,-33,7.60775e-53
44,-32,1.70213e-51
44,-31,6.15448e-50
44,-30,1.92482e-48
44,-29,6.43884e-47
44,-28,2.19995e-45
44,-27,7.69676e-44
44,-26,2.75152e-42
44,-25,1.00346e-40
44,-24,3.72768e-39
44,-23,1.40865e-37
44,-22,5.40818e-36
44,-21,2.10711e-34
44,-20,8.32242e-33
44,-19,3.32897e-31
44,-18,1.34731e-29
44,-17,5.51244e-28
44,-16,2.27818e-26
44,-15,9.50304e-25
44,-14,3.99806e-23
44,-13,1.69529e-21
44,-12,7.2403e-20
44,-11,3.11249e-18
44,-10,1.34595e-16
44,-9,5.85139e-15
44,-8,2.55593e-13
44,-7,1.12112e-11
44,-6,4.93546e-10
44,-5,2.17944e-08
44,-4,9.6488e-07
44,-3,4.28041e-05
44,-2,0.00190178
44,-1,0.0845809
44,0,2.66128
44,1,0.0845809
44,2,0.00190178
44,3,4.28041e-05
44,4,9.6488e-07
44,5,2.17944e-08
44,6,4.93546e-10
44,7,1.12112e-11
44,8,2.55593e-13
44,9,5.85139e-15
44,10,1.34595e-16
44,11,3.11249e-18
44,12,7.2403e-20
44,13,1.69529e-21
44,14,3.99806e-23
44,15,9.50304e-25
44,16,2.27818e-26
44,17,5.51244e-28
44,18,1.34731e-29
44,19,3.32897e-31
44,20,8.32242e-33
44,21,2.10711e-34
44,22,5.40818e-36
44,23,1.40865e-37
44,24,3.72768e-39
44,25,1.00346e-40
44,26,2.75152e-42
44,27,7.69675e-44
44,28,2.19999e-45
44,29,6.43552e-47
44,30,1.9395e-48
44,31,5.78771e-50
44,32,2.1789e-51
44,33,5.41714e-53
44,34,1.99705e-54
44,35,7.82814e-56
44,36,3.04064e-57
44,37,1.19859e-58
44,38,4.91908e-60
44,39,2.13135e-61
44,40,9.93558e-63
44,41,5.17711e-64
44,42,3.2003e-65
44,43,2.53542e-66
44,44,2.90208e-67
45,-45,2.95752e-69
45,-44,2.83286e-68
45,-43,4.0447e-67
45,-42,6.93076e-66
45,-41,1.28095e-64
45,-40,2.53383e-63
45,-39,5.46982e-62
45,-38,1.28907e-60
45,-37,3.27865e-59
45,-36,8.92995e-58
45,-35,2.62909e-56
45,-34,8.65892e-55
45,-33,3.01735e-53
45,-32,7.07204e-52
45,-31,2.671e-50
45,-30,8.70425e-49
45,-29,3.02745e-47
45,-28,1.0735e-45
45,-27,3.89138e-44
45,-26,1.43928e-42
45,-25,5.42364e-41
45,-24,2.07945e-39
45,-23,8.10187e-38
45,-22,3.20408e-36
45,-21,1.28483e-34
45,-20,5.21901e-33
45,-19,2.14552e-31
45,-18,8.91874e-30
45,-17,3.74587e-28
45,-16,1.58836e-26
45,-15,6.79475e-25
45,-14,2.93042e-23
45,-13,1.2733e-21
45,-12,5.5706e-20
45,-11,2.45233e-18
45,-10,1.08569e-16
45,-9,4.83103e-15
45,-8,2.15942e-13
45,-7,9.69096e-12
45,-6,4.36416e-10
45,-5,1.97113e-08
45,-4,8.92468e-07
45,-3,4.0487e-05
45,-2,0.00183938
45,-1,0.0836461
45,0,2.69101
45,1,0.0836461
45,2,0.00183938
45,3,4.0487e-05
45,4,8.92468e-07
45,5,1.97113e-08
45,6,4.36416e-10
45,7,9.69096e-12
45,8,2.15942e-13
45,9,4.83103e-15
45,10,1.08569e-16
45,11,2.45233e-18
45,12,5.5706e-20
45,13,1.2733e-21
45,14,2.93042e-23
45,15,6.79475e-25
45,16,1.58836e-26
45,17,3.74587e-28
45,18,8.91874e-30
45,19,2.14552e-31
45,20,5.21901e-33
45,21,1.28483e-34
45,22,3.20408e-36
45,23,8.10187e-38
45,24,2.07945e-39
45,25,5.42364e-41
45,26,1.43928e-42
45,27,3.89138e-44
45,28,1.07352e-45
45,29,3.02589e-47
45,30,8.77062e-49
45,31,2.51183e-50
45,32,9.05295e-52
45,33,2.14852e-53
45,34,7.53525e-55
45,35,2.79859e-56
45,36,1.02487e-57
45,37,3.78558e-59
45,38,1.44451e-60
45,39,5.75992e-62
45,40,2.43666e-63
45,41,1.129e-64
45,42,6.0092e-66
45,43,3.86501e-67
45,44,3.11057e-68
45,45,3.31789e-69
46,-46,3.49026e-71
46,-45,3.13421e-70
46,-44,4.26913e-69
46,-43,7.50711e-68
46,-42,1.49379e-66
46,-41,3.10439e-65
46,-40,6.76588e-64
46,-39,1.58684e-62
46,-38,4.02163e-61
46,-37,1.09144e-59
46,-36,3.15256e-58
46,-35,9.79443e-57
46,-34,3.39024e-55
46,-33,1.23738e-53
46,-32,3.02888e-52
46,-31,1.19178e-50
46,-30,4.03744e-49
46,-29,1.45711e-47
46,-28,5.35232e-46
46,-27,2.00696e-44
46,-26,7.6686e-43
46,-25,2.98189e-41
46,-24,1.17851e-39
46,-23,4.72874e-38
46,-22,1.92431e-36
46,-21,7.93414e-35
46,-20,3.31149e-33
46,-19,1.39791e-31
46,-18,5.96367e-30
46,-17,2.56923e-28
46,-16,1.11695e-26
46,-15,4.89677e-25
46,-14,2.16347e-23
46,-13,9.62681e-22
46,-12,4.3117e-20
46,-11,1.94266e-18
46,-10,8.80004e-17
46,-9,4.00571e-15
46,-8,1.83127e-13
46,-7,8.40392e-12
46,-6,3.86946e-10
46,-5,1.78667e-08
46,-4,8.269e-07
46,-3,3.83418e-05
46,-2,0.00178031
46,-1,0.0827416
46,0,2.72042
46,1,0.0827416
46,2,0.00178031
46,3,3.83418e-05
46,4,8.269e-07
46,5,1.78667e-08
46,6,3.86946e-10
46,7,8.40392e-12
46,8,1.83127e-13
46,9,4.00571e-15
46,10,8.80004e-17
46,11,1.94266e-18
46,12,4.3117e-20
46,13,9.62681e-22
46,14,2.16347e-23
46,15,4.89677e-25
46,16,1.11695e-26
46,17,2.56923e-28
46,18,5.96367e-30
46,19,1.39791e-31
46,20,3.31149e-33
46,21,7.93414e-35
46,22,1.92431e-36
46,23,4.72874e-38
46,24,1.17851e-39
46,25,2.98189e-41
46,26,7.6686e-43
46,27,2.00696e-44
46,28,5.35243e-46
46,29,1.45636e-47
46,30,4.06822e-49
46,31,1.12075e-50
46,32,3.87728e-52
46,33,8.81085e-54
46,34,2.95029e-55
46,35,1.04259e-56
46,36,3.61813e-58
46,37,1.26019e-59
46,38,4.50657e-61
46,39,1.671e-62
46,40,6.50642e-64
46,41,2.73615e-65
46,42,1.29517e-66
46,43,7.17359e-68
46,44,4.68765e-69
46,45,3.51611e-70
46,46,3.41034e-71
47,-47,3.96582e-73
47,-46,3.65794e-72
47,-45,4.67057e-71
47,-44,7.83428e-70
47,-43,1.59957e-68
47,-42,3.5785e-67
47,-41,8.19278e-66
47,-40,1.9397e-64
47,-39,4.89158e-63
47,-38,1.32262e-61
47,-37,3.80609e-60
47,-36,1.15995e-58
47,-35,3.7869e-57
47,-34,1.37271e-55
47,-33,5.23171e-54
47,-32,1.33394e-52
47,-31,5.45542e-51
47,-30,1.91737e-49
47,-29,7.16708e-48
47,-28,2.72276e-46
47,-27,1.05453e-44
47,-26,4.15704e-43
47,-25,1.66593e-41
47,-24,6.77934e-40
47,-23,2.79848e-38
47,-22,1.17069e-36
47,-21,4.95852e-35
47,-20,2.12466e-33
47,-19,9.20249e-32
47,-18,4.02602e-30
47,-17,1.77784e-28
47,-16,7.91889e-27
47,-15,3.55557e-25
47,-14,1.60828e-23
47,-13,7.32431e-22
47,-12,3.35642e-20
47,-11,1.54687e-18
47,-10,7.16586e-17
47,-9,3.33501e-15
47,-8,1.55856e-13
47,-7,7.3103e-12
47,-6,3.43973e-10
47,-5,1.62288e-08
47,-4,7.67402e-07
47,-3,3.63525e-05
47,-2,0.00172435
47,-1,0.0818658
47,0,2.74952
47,1,0.0818658
47,2,0.00172435
47,3,3.63525e-05
47,4,7.67402e-07
47,5,1.62288e-08
47,6,3.43973e-10
47,7,7.3103e-12
47,8,1.55856e-13
47,9,3.33501e-15
47,10,7.16586e-17
47,11,1.54687e-18
47,12,3.35642e-20
47,13,7.32431e-22
47,14,1.60828e-23
47,15,3.55557e-25
47,16,7.91889e-27
47,17,1.77784e-28
47,18,4.02602e-30
47,19,9.20249e-32
47,20,2.12466e-33
47,21,4.95852e-35
47,22,1.17069e-36
47,23,2.79848e-38
47,24,6.77934e-40
47,25,1.66593e-41
47,26,4.15704e-43
47,27,1.05453e-44
47,28,2.72281e-46
47,29,7.16337e-48
47,30,1.93199e-49
47,31,5.13031e-51
47,32,1.70758e-52
47,33,3.72526e-54
47,34,1.19458e-55
47,35,4.03105e-57
47,36,1.33126e-58
47,37,4.39457e-60
47,38,1.4821e-61
47,39,5.15102e-63
47,40,1.86531e-64
47,41,7.22095e-66
47,42,3.10268e-67
47,43,1.5285e-68
47,44,8.60231e-70
47,45,5.23966e-71
47,46,3.57418e-72
47,47,3.52997e-73
48,-48,3.95176e-75
48,-47,4.11145e-74
48,-46,5.39152e-73
48,-45,8.47643e-72
48,-44,1.65067e-70
48,-43,3.7887e-69
48,-42,9.33639e-68
48,-41,2.32172e-66
48,-40,5.90965e-65
48,-39,1.58977e-63
48,-38,4.55732e-62
48,-37,1.38354e-60
48,-36,4.43012e-59
48,-35,1.5144e-57
48,-34,5.7314e-56
48,-33,2.27494e-54
48,-32,6.02801e-53
48,-31,2.55719e-51
48,-30,9.30718e-50
48,-29,3.59747e-48
48,-28,1.41137e-46
48,-27,5.63848e-45
48,-26,2.29036e-43
48,-25,9.44895e-42
48,-24,3.95504e-40
48,-23,1.67798e-38
48,-22,7.20946e-37
48,-21,3.13425e-35
48,-20,1.37765e-33
48,-19,6.11774e-32
48,-18,2.74277e-30
48,-17,1.24063e-28
48,-16,5.65814e-27
48,-15,2.60028e-25
48,-14,1.20346e-23
48,-13,5.60609e-22
48,-12,2.6271e-20
48,-11,1.23781e-18
48,-10,5.86098e-17
48,-9,2.78751e-15
48,-8,1.33102e-13
48,-7,6.37779e-12
48,-6,3.06532e-10
48,-5,1.47709e-08
48,-4,7.13299e-07
48,-3,3.45048e-05
48,-2,0.00167126
48,-1,0.0810172
48,0,2.77831
48,1,0.0810172
48,2,0.00167126
48,3,3.45048e-05
48,4,7.13299e-07
48,5,1.47709e-08
48,6,3.06532e-10
48,7,6.37779e-12
48,8,1.33102e-13
48,9,2.78751e-15
48,10,5.86098e-17
48,11,1.23781e-18
48,12,2.6271e-20
48,13,5.60609e-22
48,14,1.20346e-23
48,15,2.60028e-25
48,16,5.65814e-27
48,17,1.24063e-28
48,18,2.74277e-30
48,19,6.11774e-32
48,20,1.37765e-33
48,21,3.13425e-35
48,22,7.20946e-37
48,23,1.67798e-38
48,24,3.95504e-40
48,25,9.44895e-42
48,26,2.29036e-43
48,27,5.63848e-45
48,28,1.4114e-46
48,29,3.59561e-48
48,30,9.37814e-50
48,31,2.4048e-51
48,32,7.71647e-53
48,33,1.61989e-54
48,34,4.98764e-56
48,35,1.61204e-57
48,36,5.08436e-59
48,37,1.59745e-60
48,38,5.10685e-62
48,39,1.67409e-63
48,40,5.68302e-65
48,41,2.04632e-66
48,42,8.09497e-68
48,43,3.62038e-69
48,44,1.81249e-70
48,45,9.50926e-72
48,46,5.26807e-73
48,47,3.6596e-74
48,48,3.93942e-75
49,-49,3.88545e-77
49,-48,4.05356e-76
49,-47,5.99524e-75
49,-46,9.67925e-74
49,-45,1.76649e-72
49,-44,3.86665e-71
49,-43,9.77471e-70
49,-42,2.61601e-68
49,-41,6.99302e-67
49,-40,1.89854e-65
49,-39,5.41409e-64
49,-38,1.63711e-62
49,-37,5.22112e-61
49,-36,1.75029e-59
49,-35,6.24592e-58
49,-34,2.4615e-56
49,-33,1.01521e-54
49,-32,2.78989e-53
49,-31,1.22542e-51
49,-30,4.61119e-50
49,-29,1.84034e-48
49,-28,7.44624e-47
49,-27,3.06477e-45
49,-26,1.28135e-43
49,-25,5.43632e-42
49,-24,2.33825e-40
49,-23,1.01868e-38
49,-22,4.49146e-37
49,-21,2.00261e-35
49,-20,9.02285e-34
49,-19,4.10515e-32
49,-18,1.88479e-30
49,-17,8.72723e-29
49,-16,4.07292e-27
49,-15,1.9147e-25
49,-14,9.06203e-24
49,-13,4.31566e-22
49,-12,2.06702e-20
49,-11,9.95177e-19
49,-10,4.81403e-17
49,-9,2.33865e-15
49,-8,1.14043e-13
49,-7,5.57998e-12
49,-6,2.73817e-10
49,-5,1.347e-08
49,-4,6.64005e-07
49,-3,3.2786e-05
49,-2,0.00162084
49,-1,0.0801945
49,0,2.80681
49,1,0.0801945
49,2,0.00162084
49,3,3.2786e-05
49,4,6.64005e-07
49,5,1.347e-08
49,6,2.73817e-10
49,7,5.57998e-12
49,8,1.14043e-13
49,9,2.33865e-15
49,10,4.81403e-17
49,11,9.95177e-19
49,12,2.06702e-20
49,13,4.31566e-22
49,14,9.06203e-24
49,15,1.9147e-25
49,16,4.07292e-27
49,17,8.72723e-29
49,18,1.88479e-30
49,19,4.10515e-32
49,20,9.02285e-34
49,21,2.00261e-35
49,22,4.49146e-37
49,23,1.01868e-38
49,24,2.33825e-40
49,25,5.43632e-42
49,26,1.28135e-43
49,27,3.06477e-45
49,28,7.44639e-47
49,29,1.83938e-48
49,30,4.64635e-50
49,31,1.1524e-51
49,32,3.57135e-53
49,33,7.22885e-55
49,34,2.14207e-56
49,35,6.64861e-58
49,36,2.00877e-59
49,37,6.02838e-61
49,38,1.83452e-62
49,39,5.70124e-64
49,40,1.82573e-65
49,41,6.16351e-67
49,42,2.26817e-68
49,43,9.34044e-70
49,44,4.24571e-71
49,45,1.98173e-72
49,46,9.45762e-74
49,47,5.33636e-75
49,48,4.0409e-76
49,49,4.32666e-77
50,-50,4.16397e-79
50,-49,3.94427e-78
50,-48,5.849e-77
50,-47,1.06494e-75
50,-46,1.99563e-74
50,-45,4.09333e-73
50,-44,9.8671e-72
50,-43,2.70866e-70
50,-42,7.79172e-69
50,-41,2.22131e-67
50,-40,6.39207e-66
50,-39,1.92252e-64
50,-38,6.10619e-63
50,-37,2.03854e-61
50,-36,7.13292e-60
50,-35,2.65018e-58
50,-34,1.08508e-56
50,-33,4.6407e-55
50,-32,1.32026e-53
50,-31,5.99465e-52
50,-30,2.32877e-50
50,-29,9.58376e-49
50,-28,3.99433e-47
50,-27,1.69184e-45
50,-26,7.27296e-44
50,-25,3.17021e-42
50,-24,1.39993e-40
50,-23,6.25753e-39
50,-22,2.82907e-37
50,-21,1.29273e-35
50,-20,5.96621e-34
50,-19,2.77925e-32
50,-18,1.30595e-30
50,-17,6.18642e-29
50,-16,2.95268e-27
50,-15,1.41913e-25
50,-14,6.86483e-24
50,-13,3.34057e-22
50,-12,1.63449e-20
50,-11,8.03731e-19
50,-10,3.97014e-17
50,-9,1.96913e-15
50,-8,9.80221e-14
50,-7,4.89522e-12
50,-6,2.45152e-10
50,-5,1.23066e-08
50,-4,6.19008e-07
50,-3,3.11848e-05
50,-2,0.0015729
50,-1,0.0793964
50,0,2.83502
50,1,0.0793964
50,2,0.0015729
50,3,3.11848e-05
50,4,6.19008e-07
50,5,1.23066e-08
50,6,2.45152e-10
50,7,4.89522e-12
50,8,9.80221e-14
50,9,1.96913e-15
50,10,3.97014e-17
50,11,8.03731e-19
50,12,1.63449e-20
50,13,3.34057e-22
50,14,6.86483e-24
50,15,1.41913e-25
50,16,2.95268e-27
50,17,6.18642e-29
50,18,1.30595e-30
50,19,2.77925e-32
50,20,5.96621e-34
50,21,1.29273e-35
50,22,2.82907e-37
50,23,6.25753e-39
50,24,1.39993e-40
50,25,3.17021e-42
50,26,7.27296e-44
50,27,1.69184e-45
50,28,3.99441e-47
50,29,9.57881e-49
50,30,2.34652e-50
50,31,5.6374e-52
50,32,1.69007e-53
50,33,3.30444e-55
50,34,9.44271e-57
50,35,2.82104e-58
50,36,8.18631e-60
50,37,2.35372e-61
50,38,6.84248e-63
50,39,2.02448e-64
50,40,6.14694e-66
50,41,1.95781e-67
50,42,6.75568e-69
50,43,2.58832e-70
50,44,1.08344e-71
50,45,4.59209e-73
50,46,1.94993e-74
50,47,9.479e-76
50,48,5.83074e-77
50,49,4.39216e-78
50,50,4.13656e-79
