0 0 0 0 0.895739
0 0 0 1 0.453212
0 0 0 2 0.234386
0 0 0 3 0.347186
0 0 0 4 0.129128
0 0 0 5 0.0541963
0 0 0 6 0.0764132
0 0 0 7 0.0681702
0 0 0 8 0.037021
0 0 0 9 0.0314118
0 0 1 0 -1.32358
0 0 1 1 -0.298212
0 0 1 2 -0.223413
0 0 1 3 -0.320693
0 0 1 4 -0.156861
0 0 1 5 -0.0813026
0 0 1 6 -0.125797
0 0 1 7 -0.0891448
0 0 1 8 -0.0547762
0 0 1 9 -0.063412
0 0 2 0 -0.668904
0 0 2 1 -0.171658
0 0 2 2 -0.116943
0 0 2 3 -0.178273
0 0 2 4 -0.082779
0 0 2 5 -0.0428732
0 0 2 6 -0.0633877
0 0 2 7 -0.047923
0 0 2 8 -0.0291164
0 0 2 9 -0.0321882
0 1 0 0 -1.32358
0 1 0 1 -0.298212
0 1 0 2 -0.223413
0 1 0 3 -0.320693
0 1 0 4 -0.156861
0 1 0 5 -0.0813026
0 1 0 6 -0.125797
0 1 0 7 -0.0891448
0 1 0 8 -0.0547762
0 1 0 9 -0.063412
0 1 1 0 1.95577
0 1 1 1 0.251562
0 1 1 2 0.677734
0 1 1 3 0.5272
0 1 1 4 0.35585
0 1 1 5 0.189056
0 1 1 6 0.242097
0 1 1 7 0.159961
0 1 1 8 0.106541
0 1 1 9 0.141417
0 1 2 0 0.988398
0 1 2 1 0.139589
0 1 2 2 0.327886
0 1 2 3 0.275006
0 1 2 4 0.178305
0 1 2 5 0.0957602
0 1 2 6 0.120371
0 1 2 7 0.0812333
0 1 2 8 0.0538684
0 1 2 9 0.0705146
0 2 0 0 -0.668904
0 2 0 1 -0.171658
0 2 0 2 -0.116943
0 2 0 3 -0.178273
0 2 0 4 -0.082779
0 2 0 5 -0.0428732
0 2 0 6 -0.0633877
0 2 0 7 -0.047923
0 2 0 8 -0.0291164
0 2 0 9 -0.0321882
0 2 1 0 0.988398
0 2 1 1 0.139589
0 2 1 2 0.327886
0 2 1 3 0.275006
0 2 1 4 0.178305
0 2 1 5 0.0957602
0 2 1 6 0.120371
0 2 1 7 0.0812333
0 2 1 8 0.0538684
0 2 1 9 0.0705146
0 2 2 0 0.499511
0 2 2 1 0.0778574
0 2 2 2 0.159192
0 2 2 3 0.144457
0 2 2 4 0.089779
0 2 2 5 0.0487771
0 2 2 6 0.0599519
0 2 2 7 0.0416643
0 2 2 8 0.0274752
0 2 2 9 0.0352732
1 0 0 0 19.1994
1 0 0 1 2.09104
1 0 0 2 0.296979
1 0 0 3 0.410705
1 0 0 4 0.212171
1 0 0 5 0.271377
1 0 0 6 0.0794365
1 0 0 7 0.0824903
1 0 0 8 0.109565
1 0 0 9 0.0320878
1 0 1 0 -10.3262
1 0 1 1 -2.68718
1 0 1 2 -0.151414
1 0 1 3 -0.194837
1 0 1 4 -0.085415
1 0 1 5 -0.0964316
1 0 1 6 -0.105197
1 0 1 7 -0.0622484
1 0 1 8 -0.0816762
1 0 1 9 -0.0505859
1 0 2 0 -5.51198
1 0 2 1 -1.35808
1 0 2 2 -0.0831833
1 0 2 3 -0.106243
1 0 2 4 -0.04856
1 0 2 5 -0.0557099
1 0 2 6 -0.055598
1 0 2 7 -0.0368829
1 0 2 8 -0.0505817
1 0 2 9 -0.0267224
1 1 0 0 -10.3262
1 1 0 1 -2.68718
1 1 0 2 -0.151414
1 1 0 3 -0.194837
1 1 0 4 -0.085415
1 1 0 5 -0.0964316
1 1 0 6 -0.105197
1 1 0 7 -0.0622484
1 1 0 8 -0.0816762
1 1 0 9 -0.0505859
1 1 1 0 5.55386
1 1 1 1 3.62372
1 1 1 2 0.221678
1 1 1 3 0.357102
1 1 1 4 0.175242
1 1 1 5 0.0886992
1 1 1 6 0.216572
1 1 1 7 0.0815146
1 1 1 8 0.105096
1 1 1 9 0.125381
1 1 2 0 2.96457
1 1 2 1 1.82469
1 1 2 2 0.112871
1 1 2 3 0.18699
1 1 2 4 0.0879252
1 1 2 5 0.0467608
1 1 2 6 0.108587
1 1 2 7 0.043107
1 1 2 8 0.0568581
1 1 2 9 0.0615317
1 2 0 0 -5.51198
1 2 0 1 -1.35808
1 2 0 2 -0.0831833
1 2 0 3 -0.106243
1 2 0 4 -0.04856
1 2 0 5 -0.0557099
1 2 0 6 -0.055598
1 2 0 7 -0.0368829
1 2 0 8 -0.0505817
1 2 0 9 -0.0267224
1 2 1 0 2.96457
1 2 1 1 1.82469
1 2 1 2 0.112871
1 2 1 3 0.18699
1 2 1 4 0.0879252
1 2 1 5 0.0467608
1 2 1 6 0.108587
1 2 1 7 0.043107
1 2 1 8 0.0568581
1 2 1 9 0.0615317
1 2 2 0 1.58244
1 2 2 1 0.919059
1 2 2 2 0.0577183
1 2 2 3 0.0984593
1 2 2 4 0.0443757
1 2 2 5 0.0250159
1 2 2 6 0.0548756
1 2 2 7 0.0233399
1 2 2 8 0.0316608
1 2 2 9 0.0305141
2 0 0 0 28.3892
2 0 0 1 0.623202
2 0 0 2 0.109415
2 0 0 3 0.183753
2 0 0 4 0.0526674
2 0 0 5 0.211091
2 0 0 6 0.0324838
2 0 0 7 0.0484157
2 0 0 8 0.209066
2 0 0 9 0.0805549
2 0 1 0 -20.008
2 0 1 1 -1.10684
2 0 1 2 -0.178824
2 0 1 3 -0.0586525
2 0 1 4 0.0275038
2 0 1 5 -0.00906079
2 0 1 6 -0.0133521
2 0 1 7 -0.0278318
2 0 1 8 -0.154169
2 0 1 9 -0.126711
2 0 2 0 -10.4683
2 0 2 1 -0.536096
2 0 2 2 -0.0871895
2 0 2 3 -0.0303069
2 0 2 4 0.0138282
2 0 2 5 -0.00610657
2 0 2 6 -0.00836219
2 0 2 7 -0.0168621
2 0 2 8 -0.0966779
2 0 2 9 -0.0676148
2 1 0 0 -20.008
2 1 0 1 -1.10684
2 1 0 2 -0.178824
2 1 0 3 -0.0586525
2 1 0 4 0.0275038
2 1 0 5 -0.00906079
2 1 0 6 -0.0133521
2 1 0 7 -0.0278318
2 1 0 8 -0.154169
2 1 0 9 -0.126711
2 1 1 0 14.1012
2 1 1 1 1.98351
2 1 1 2 0.367348
2 1 1 3 0.0650631
2 1 1 4 0.0896165
2 1 1 5 0.0601701
2 1 1 6 0.0571749
2 1 1 7 0.0452989
2 1 1 8 0.12288
2 1 1 9 0.236562
2 1 2 0 7.37779
2 1 2 1 0.959782
2 1 2 2 0.177868
2 1 2 3 0.0344535
2 1 2 4 0.0438356
2 1 2 5 0.0280406
2 1 2 6 0.0264908
2 1 2 7 0.0230979
2 1 2 8 0.0752089
2 1 2 9 0.122275
2 2 0 0 -10.4683
2 2 0 1 -0.536096
2 2 0 2 -0.0871895
2 2 0 3 -0.0303069
2 2 0 4 0.0138282
2 2 0 5 -0.00610657
2 2 0 6 -0.00836219
2 2 0 7 -0.0168621
2 2 0 8 -0.0966779
2 2 0 9 -0.0676148
2 2 1 0 7.37779
2 2 1 1 0.959782
2 2 1 2 0.177868
2 2 1 3 0.0344535
2 2 1 4 0.0438356
2 2 1 5 0.0280406
2 2 1 6 0.0264908
2 2 1 7 0.0230979
2 2 1 8 0.0752089
2 2 1 9 0.122275
2 2 2 0 3.86009
2 2 2 1 0.464476
2 2 2 2 0.0861777
2 2 2 3 0.0185177
2 2 2 4 0.0215542
2 2 2 5 0.0130916
2 2 2 6 0.0125752
2 2 2 7 0.0120259
2 2 2 8 0.0463877
2 2 2 9 0.0635644
